thread: 0| Time: 0.168296
thread: 2| Time: 0.169895
thread: 3| Time: 0.174065
thread: 1| Time: 0.17447
