thread: 0| Time: 0.312121
thread: 1| Time: 0.322298
