thread: 0| Time: 0.0012182
thread: 3| Time: 0.00119925
thread: 1| Time: 0.00126981
thread: 2| Time: 0.00122997
