thread: 0| Time: 0.0023586
thread: 1| Time: 0.00235945
